name = "Brightside"

[array_config]
panel_efficiency = 0.2432
panel_size = 4.0

[battery_config]
battery_type = "BatteryModel"

[battery_config.BasicBattery]
max_voltage = 134.4
min_voltage = 86.4
max_current_capacity = 48.9
max_energy_capacity = 5400

[battery_config.BatteryModel]
R_0_data = [0.17953765302439662, 0.15580951404728172, 0.14176929930784543, 0.11043950958574644, 0.13930042505446938, 0.1552885289394773, 0.044070982259896085, 0.2208806896239539, 0.15116267852908616, 0.6553961767519164]
R_P_data = [0.04153180244191346, 0.10674683402208612, 0.061085424180509884, 0.0781407642082238, 0.05537901113775878, 0.09732054673529467, 0.07662520885708152, 0.09799857401036915, 0.42622740149661487, 0.2718418915736874]
C_P_data = [14824.398495212006, 1587.5971318119796, 341.1064063616048, 1243.182413110655, 619.5791066439332, 2252.7885790042164, 954.5884882581622, 515.7219779825028, 431.10892633451135, 195.14394897766627]
Uoc_data = [131.88002282453857, 129.4574321366064, 125.5750277614186, 121.99586066440303, 118.69893412178982, 115.71854177322408, 111.99025635444923, 108.29354777060836, 98.23397960300946, 95.24125831782388]
Q_total = 145000.0
SOC_data = [1.0000113624123392, 0.8815263722745977, 0.7671918526292492, 0.6206071038045673, 0.4911613638651783, 0.3606311083423134, 0.23687514228021178, 0.12073345089992571, 0.01456057818183809, 0.0070648691224265425]

[lvs_config]
lvs_voltage = 12
lvs_current = 1.50

[regen_config]

[vehicle_config]
vehicle_mass = 350
max_acceleration = 6
max_deceleration = 6

[motor_config]
motor_type = "AdvancedMotor"
road_friction = 0.02608094844278751
tire_radius = 0.2032
vehicle_frontal_area = 1.1853
drag_coefficient = 0.4016991160970466

[motor_config.BasicMotor]

[motor_config.AdvancedMotor]
cornering_coefficient = 15
