initial_battery_soc = 0.99
current_coord = [38.9281815, -95.677021]
start_time = 0
